tmp_pygslib_file
4
Id
X
Y
V
   1.0   11.0    8.0     0.0
   2.0    8.0   30.0     0.0
   3.0    9.0   48.0   224.4
   4.0    8.0   69.0   434.4
   5.0    9.0   90.0   412.1
   6.0   10.0  110.0   587.2
   7.0    9.0  129.0   192.3
   8.0   11.0  150.0    31.3
   9.0   10.0  170.0   388.5
  10.0    8.0  188.0   174.6
  11.0    9.0  209.0   187.8
  12.0   10.0  231.0    82.1
  13.0   11.0  250.0    81.1
  14.0   10.0  269.0   124.3
  15.0    8.0  288.0   188.0
  16.0   31.0   11.0    28.7
  17.0   29.0   29.0    78.1
  18.0   28.0   51.0   292.1
  19.0   31.0   68.0   895.2
  20.0   28.0   88.0   702.6
  21.0   30.0  110.0   490.3
  22.0   28.0  130.0   136.1
  23.0   28.0  150.0   335.0
  24.0   30.0  171.0   277.0
  25.0   28.0  190.0   206.1
  26.0   31.0  209.0    24.5
  27.0   28.0  229.0   198.1
  28.0   30.0  250.0    60.3
  29.0   31.0  269.0   312.6
  30.0   31.0  289.0   240.9
  31.0   49.0   11.0   653.3
  32.0   49.0   29.0    96.4
  33.0   51.0   48.0   105.0
  34.0   49.0   68.0    37.8
  35.0   50.0   88.0   820.8
  36.0   51.0  109.0   450.7
  37.0   48.0  129.0   190.4
  38.0   49.0  151.0   773.3
  39.0   51.0  168.0   971.9
  40.0   48.0  190.0   762.4
  41.0   50.0  211.0   968.3
  42.0   49.0  231.0   394.7
  43.0   51.0  250.0   343.0
  44.0   50.0  268.0   863.8
  45.0   51.0  290.0   159.6
  46.0   71.0    9.0   445.8
  47.0   71.0   29.0   673.3
  48.0   70.0   51.0   252.6
  49.0   68.0   70.0   537.5
  50.0   69.0   90.0     0.0
  51.0   68.0  110.0   329.1
  52.0   68.0  128.0   646.3
  53.0   69.0  148.0   616.2
  54.0   69.0  169.0   761.3
  55.0   70.0  191.0   918.0
  56.0   69.0  208.0    97.4
  57.0   69.0  229.0     0.0
  58.0   68.0  250.0     0.0
  59.0   71.0  268.0     0.0
  60.0   71.0  288.0     2.4
  61.0   91.0   11.0   368.3
  62.0   91.0   29.0    91.6
  63.0   90.0   49.0   654.7
  64.0   91.0   68.0   645.5
  65.0   91.0   91.0   907.2
  66.0   91.0  111.0   826.3
  67.0   89.0  130.0   975.3
  68.0   88.0  149.0   551.1
  69.0   89.0  170.0   155.5
  70.0   89.0  188.0    10.7
  71.0   90.0  211.0     0.0
  72.0   90.0  230.0     0.0
  73.0   88.0  249.0     0.0
  74.0   88.0  269.0    12.1
  75.0   88.0  288.0    62.2
  76.0  109.0   11.0   399.6
  77.0  111.0   31.0   176.6
  78.0  108.0   49.0   402.0
  79.0  109.0   68.0   260.6
  80.0  108.0   88.0   192.0
  81.0  110.0  109.0   237.6
  82.0  109.0  129.0   702.0
  83.0  110.0  148.0    38.5
  84.0  111.0  169.0    22.1
  85.0  111.0  191.0     2.7
  86.0  110.0  208.0    17.9
  87.0  109.0  230.0   174.2
  88.0  109.0  249.0    12.9
  89.0  109.0  268.0   187.8
  90.0  111.0  291.0   268.8
  91.0  130.0    9.0   572.5
  92.0  131.0   31.0    29.1
  93.0  130.0   48.0    75.2
  94.0  128.0   70.0   399.9
  95.0  129.0   90.0   243.1
  96.0  131.0  109.0     0.0
  97.0  129.0  128.0   244.7
  98.0  131.0  148.0   185.2
  99.0  131.0  169.0    26.0
 100.0  129.0  191.0     0.0
 101.0  128.0  209.0   100.3
 102.0  130.0  231.0   530.3
 103.0  131.0  248.0   107.4
 104.0  128.0  269.0   159.3
 105.0  131.0  288.0    70.7
 106.0  148.0    8.0   260.2
 107.0  149.0   29.0   326.0
 108.0  150.0   49.0   332.7
 109.0  151.0   69.0   531.3
 110.0  150.0   89.0   547.2
 111.0  150.0  109.0   482.7
 112.0  150.0  129.0    84.1
 113.0  150.0  151.0     4.7
 114.0  149.0  169.0   180.6
 115.0  151.0  190.0     0.0
 116.0  148.0  208.0   342.4
 117.0  150.0  228.0   602.3
 118.0  149.0  251.0   209.1
 119.0  149.0  271.0    79.4
 120.0  148.0  291.0   104.1
 121.0  168.0    8.0   446.0
 122.0  171.0   29.0   189.9
 123.0  169.0   49.0   280.4
 124.0  168.0   69.0     0.0
 125.0  168.0   91.0   499.3
 126.0  171.0  109.0   457.3
 127.0  168.0  131.0   341.2
 128.0  171.0  150.0     0.0
 129.0  171.0  171.0   208.3
 130.0  169.0  191.0    99.7
 131.0  170.0  210.0   636.6
 132.0  170.0  230.0   173.1
 133.0  169.0  249.0    17.0
 134.0  168.0  271.0   283.1
 135.0  168.0  290.0    30.9
 136.0  190.0   11.0   348.5
 137.0  191.0   28.0   222.4
 138.0  191.0   48.0    59.1
 139.0  190.0   69.0     0.0
 140.0  190.0   89.0   326.0
 141.0  188.0  111.0   325.1
 142.0  191.0  129.0   114.7
 143.0  189.0  149.0   481.6
 144.0  190.0  169.0   324.1
 145.0  190.0  189.0    10.9
 146.0  188.0  210.0   332.9
 147.0  191.0  231.0   184.4
 148.0  190.0  248.0   146.6
 149.0  189.0  270.0    92.0
 150.0  189.0  290.0     2.5
 151.0  211.0   11.0   358.1
 152.0  209.0   30.0   473.3
 153.0  211.0   49.0   308.8
 154.0  210.0   70.0   406.8
 155.0  209.0   90.0   812.1
 156.0  210.0  111.0   339.7
 157.0  211.0  130.0   223.9
 158.0  208.0  151.0   673.5
 159.0  209.0  168.0   141.0
 160.0  208.0  191.0    61.8
 161.0  210.0  211.0   258.3
 162.0  211.0  228.0   590.3
 163.0  211.0  250.0   166.9
 164.0  208.0  268.0   125.2
 165.0  208.0  289.0    29.3
 166.0  231.0   10.0   617.6
 167.0  231.0   28.0   425.9
 168.0  230.0   50.0   295.7
 169.0  230.0   71.0   224.9
 170.0  229.0   91.0    31.7
 171.0  229.0  110.0   377.4
 172.0  230.0  131.0   333.3
 173.0  228.0  148.0   351.0
 174.0  229.0  169.0     0.0
 175.0  231.0  191.0   137.6
 176.0  231.0  208.0   451.2
 177.0  229.0  228.0   639.5
 178.0  231.0  249.0   119.9
 179.0  231.0  268.0    27.2
 180.0  230.0  291.0     2.1
 181.0  249.0    9.0   167.7
 182.0  250.0   30.0   147.8
 183.0  249.0   48.0   442.7
 184.0  251.0   69.0   487.7
 185.0  251.0   91.0     0.0
 186.0  248.0  109.0    28.2
 187.0  249.0  130.0     0.0
 188.0  248.0  150.0    18.3
 189.0  250.0  169.0   266.3
 190.0  250.0  190.0   502.3
 191.0  251.0  208.0     0.0
 192.0  251.0  229.0   240.9
 193.0  249.0  251.0   234.4
 194.0  248.0  270.0    22.4
 195.0  250.0  291.0    45.6
 196.0   40.0   71.0    76.2
 197.0   21.0   69.0   284.3
 198.0   28.0   80.0   606.8
 199.0   29.0   59.0   772.7
 200.0   41.0   81.0   269.5
 201.0   18.0   80.0  1036.7
 202.0   39.0   60.0   238.6
 203.0   18.0   60.0   519.4
 204.0   41.0   90.0   414.9
 205.0   21.0   90.0   601.4
 206.0   31.0  101.0   579.2
 207.0   41.0  100.0   601.4
 208.0   21.0  100.0   594.6
 209.0   60.0    8.0   550.1
 210.0   40.0   11.0    99.4
 211.0   51.0   18.0   233.6
 212.0   59.0   20.0    14.4
 213.0   41.0   21.0   115.9
 214.0   59.0   90.0   506.2
 215.0   51.0  101.0   502.4
 216.0   50.0   81.0   608.0
 217.0   59.0  101.0   363.9
 218.0   60.0   81.0   385.6
 219.0   60.0  151.0  1521.1
 220.0   38.0  148.0   340.9
 221.0   50.0  160.0   879.1
 222.0   50.0  138.0   413.4
 223.0   61.0  158.0   868.9
 224.0   39.0  160.0   657.4
 225.0   61.0  139.0   477.0
 226.0   38.0  140.0   268.5
 227.0   61.0  170.0   806.4
 228.0   39.0  170.0   914.4
 229.0   49.0  179.0   811.5
 230.0   58.0  179.0  1113.6
 231.0   39.0  181.0  1008.0
 232.0   60.0  191.0  1528.1
 233.0   40.0  190.0   970.9
 234.0   51.0  198.0  1109.0
 235.0   60.0  198.0  1203.9
 236.0   40.0  200.0   641.3
 237.0   58.0  208.0   720.6
 238.0   38.0  209.0   665.3
 239.0   50.0  221.0   543.3
 240.0   61.0  220.0   101.1
 241.0   39.0  221.0   615.9
 242.0   59.0  268.0   543.1
 243.0   41.0  271.0   868.8
 244.0   49.0  278.0   583.0
 245.0   51.0  260.0   670.7
 246.0   59.0  281.0   148.8
 247.0   39.0  279.0   798.0
 248.0   59.0  258.0   194.9
 249.0   38.0  260.0   635.2
 250.0   78.0   28.0   781.6
 251.0   60.0   29.0   238.6
 252.0   70.0   41.0   472.0
 253.0   70.0   21.0    58.1
 254.0   78.0   41.0   600.3
 255.0   61.0   41.0    64.9
 256.0   78.0   20.0   505.9
 257.0   80.0  131.0   801.6
 258.0   58.0  128.0   158.8
 259.0   71.0  140.0   606.3
 260.0   70.0  121.0    30.7
 261.0   79.0  138.0   730.1
 262.0   80.0  119.0   421.2
 263.0   61.0  121.0   104.8
 264.0   79.0  149.0    44.1
 265.0   71.0  160.0   801.1
 266.0   78.0  159.0   742.0
 267.0   80.0  168.0   689.1
 268.0   69.0  181.0   424.6
 269.0   79.0  181.0   184.3
 270.0   80.0  188.0   245.2
 271.0   70.0  198.0   630.0
 272.0   81.0  200.0     0.0
 273.0  100.0   48.0    48.7
 274.0   80.0   49.0   757.4
 275.0   90.0   58.0   739.8
 276.0   88.0   39.0   520.7
 277.0  100.0   60.0     0.0
 278.0   80.0   59.0     0.0
 279.0  101.0   38.0   730.5
 280.0  101.0   68.0   383.1
 281.0   79.0   70.0   508.8
 282.0   90.0   79.0   573.3
 283.0  100.0   78.0   372.4
 284.0   81.0   81.0   585.8
 285.0  100.0   91.0   397.2
 286.0   80.0   89.0   614.5
 287.0   91.0   99.0   734.9
 288.0  101.0  100.0   599.3
 289.0   81.0   98.0   181.2
 290.0   98.0  111.0   744.8
 291.0   81.0  108.0  1022.3
 292.0   90.0  120.0   899.3
 293.0  100.0  118.0   363.7
 294.0   98.0  130.0   513.2
 295.0   90.0  140.0   648.8
 296.0   90.0  138.0   645.4
 297.0  121.0  131.0    13.0
 298.0  111.0  140.0   190.3
 299.0  108.0  121.0   893.0
 300.0  120.0  141.0   104.7
 301.0  119.0  118.0   150.4
 302.0  158.0  228.0   558.4
 303.0  140.0  229.0   558.0
 304.0  150.0  241.0   318.5
 305.0  151.0  218.0   394.3
 306.0  161.0  241.0   141.9
 307.0  141.0  240.0   112.5
 308.0  160.0  218.0   580.4
 309.0  139.0  220.0   535.9
 310.0  178.0  211.0   398.2
 311.0  159.0  209.0   517.3
 312.0  169.0  221.0   427.2
 313.0  170.0  198.0   367.6
 314.0  180.0  218.0   374.7
 315.0  178.0  201.0   144.8
 316.0  158.0  198.0   169.8
 317.0  219.0   88.0   235.1
 318.0  198.0   90.0   611.7
 319.0  211.0  100.0   746.4
 320.0  208.0   80.0   436.6
 321.0  221.0   99.0   540.9
 322.0  199.0   98.0   801.0
 323.0  220.0   81.0   272.1
 324.0  198.0   78.0   204.1
 325.0  220.0  150.0   543.9
 326.0  200.0  150.0   606.2
 327.0  208.0  159.0   356.0
 328.0  210.0  140.0   440.9
 329.0  221.0  160.0   301.8
 330.0  198.0  161.0   369.4
 331.0  219.0  139.0   166.8
 332.0  200.0  139.0   230.9
 333.0  239.0    8.0   240.3
 334.0  218.0    8.0   737.1
 335.0  229.0   19.0   518.6
 336.0  239.0   18.0   390.7
 337.0  218.0   18.0   797.4
 338.0  238.0  229.0   602.6
 339.0  218.0  228.0   430.8
 340.0  231.0  239.0   354.1
 341.0  230.0  221.0   602.4
 342.0  240.0  239.0   172.6
 343.0  221.0  241.0   324.8
 344.0  239.0  220.0   420.1
 345.0  218.0  218.0   763.5
 346.0   35.0   71.0   687.8
 347.0   24.0   71.0   735.8
 348.0   34.0   88.0    86.9
 349.0   23.0   91.0   817.0
 350.0   54.0   10.0   637.9
 351.0   46.0   11.0   512.3
 352.0   55.0   89.0   423.4
 353.0   45.0   89.0   569.6
 354.0   53.0  150.0   858.0
 355.0   46.0  148.0   234.0
 356.0   55.0  168.0   876.0
 357.0   43.0  170.0  1082.8
 358.0   55.0  191.0  1392.6
 359.0   44.0  191.0   646.6
 360.0   55.0  211.0   889.5
 361.0   46.0  211.0   509.2
 362.0   54.0  269.0   613.1
 363.0   43.0  271.0   767.8
 364.0   73.0   29.0   649.4
 365.0   64.0   31.0   235.4
 366.0   75.0  129.0   782.8
 367.0   64.0  129.0   227.3
 368.0   73.0  149.0   722.9
 369.0   64.0  151.0   974.5
 370.0   75.0  171.0   512.2
 371.0   63.0  168.0  1215.8
 372.0   73.0  188.0   687.1
 373.0   64.0  191.0  1259.9
 374.0   93.0   48.0   687.5
 375.0   86.0   48.0   471.9
 376.0   93.0   70.0   512.1
 377.0   84.0   69.0   963.9
 378.0   93.0   90.0   874.0
 379.0   86.0   89.0   582.4
 380.0   96.0  111.0   553.2
 381.0   85.0  108.0   937.3
 382.0   93.0  131.0   883.6
 383.0   86.0  131.0   879.9
 384.0  114.0  131.0   268.4
 385.0  106.0  130.0   651.5
 386.0  155.0  229.0   386.4
 387.0  145.0  230.0   333.2
 388.0  174.0  208.0   339.2
 389.0  166.0  211.0   600.3
 390.0  215.0   89.0   595.2
 391.0  205.0   89.0   809.6
 392.0  215.0  148.0   293.3
 393.0  204.0  151.0   697.3
 394.0  236.0    9.0   515.9
 395.0  223.0    9.0   613.2
 396.0  236.0  229.0   665.3
 397.0  226.0  230.0   813.6
 398.0   35.0   80.0   174.8
 399.0   24.0   79.0   891.8
 400.0   36.0   61.0   699.6
 401.0   26.0   58.0    39.5
 402.0   16.0   80.0   915.6
 403.0   43.0   60.0   584.0
 404.0   15.0   88.0   610.0
 405.0   46.0   99.0   566.8
 406.0   36.0   99.0    38.1
 407.0   54.0   80.0   483.0
 408.0   46.0   81.0   542.6
 409.0   54.0  161.0   959.3
 410.0   43.0  161.0   631.9
 411.0   65.0  160.0   928.3
 412.0   33.0  160.0   431.0
 413.0   36.0  170.0   672.3
 414.0   53.0  179.0  1003.4
 415.0   44.0  180.0   876.4
 416.0   65.0  181.0   734.1
 417.0   34.0  180.0   366.0
 418.0   33.0  191.0   296.5
 419.0   55.0  199.0  1069.2
 420.0   46.0  198.0   804.3
 421.0   63.0  201.0   731.1
 422.0   34.0  201.0   318.1
 423.0   65.0  210.0   238.6
 424.0   35.0  208.0   428.9
 425.0   46.0  220.0   734.4
 426.0   36.0  219.0   429.1
 427.0   35.0  217.0   597.4
 428.0   53.0  258.0   442.6
 429.0   46.0  260.0   765.2
 430.0   45.0  281.0   605.5
 431.0   35.0  278.0   795.9
 432.0   35.0  259.0   235.0
 433.0   84.0   30.0   562.0
 434.0   84.0   41.0   411.4
 435.0   75.0   40.0   696.7
 436.0   73.0  141.0   790.9
 437.0   63.0  140.0   696.5
 438.0   84.0  138.0   687.3
 439.0   76.0  159.0   597.5
 440.0   84.0  161.0   437.4
 441.0   86.0  169.0   317.4
 442.0   73.0  199.0   470.7
 443.0   76.0   51.0   498.7
 444.0   94.0   61.0   778.7
 445.0   85.0   60.0   523.3
 446.0  104.0   38.0   617.1
 447.0   93.0   41.0   395.5
 448.0   75.0   90.0   518.9
 449.0   94.0  101.0   383.7
 450.0   85.0  100.0   704.1
 451.0  104.0  109.0   562.3
 452.0   75.0  110.0   655.3
 453.0   95.0  121.0   823.6
 454.0   83.0  119.0   847.7
 455.0   94.0  140.0   607.5
 456.0  103.0  139.0   491.2
 457.0  114.0  120.0   319.5
 458.0  104.0  118.0   594.0
 459.0  196.0   91.0   433.5
 460.0  215.0  101.0   209.6
 461.0  204.0  101.0   533.8
 462.0  196.0  101.0   592.4
 463.0  195.0  149.0   478.7
 464.0  216.0   11.0   660.2
 465.0  225.0   19.0   832.2
 466.0  214.0   19.0   242.5
 467.0  245.0  231.0   161.2
 468.0  233.0  220.0   626.0
 469.0  226.0  221.0   800.1
 470.0  213.0  218.0   482.6
